    0.1940   10.2000    0.2690    0.2660    0.0006    7.0670    0.0880    0.0026   25.0000         0
    0.1920   10.2000    0.2230    0.2680    0.0009    7.0380    0.0841    0.0026   25.0000         0
    0.1740   10.3000    0.2870    0.1010    0.0005    7.0420         0    0.0026   25.0000         0
    0.1680   10.2000    0.2440    0.2020    0.0006    7.0100         0    0.0026   25.0000         0
    0.0544   10.4000    0.1450    0.1260    0.0019    6.9880    0.1780    0.0057   25.0000         0
    0.0893   10.4000    0.1060    0.2600    0.0018    6.9910    0.3680    0.0057   25.0000         0
    0.0874   10.4000    0.3020    0.0919    0.0015    7.0050    0.1780    0.0057   25.0000         0
    0.1510   10.4000    0.2410    0.2020    0.0019    7.0230    0.2700    0.0057   25.0000         0
    3.1000    5.6100    0.6640    0.9050    0.0034    7.1170    3.6200    0.1000   10.0000   50.0000
    3.1400    5.4400    0.6850    0.8770    0.0035    7.1110    3.6200    0.1000   10.0000   50.0000
    3.1200    5.5600    0.6870    0.9070    0.0035    7.1120    3.6200    0.1000   10.0000   50.0000
    2.3400    6.4900    0.7080    0.5570    0.0056    6.9980         0    0.1000   10.0000   50.0000
    2.4700    6.5600    0.6850    0.5130    0.0054    7.0050         0    0.1000   10.0000   50.0000
    2.3600    6.3500    0.7280    0.5220    0.0055    7.0040         0    0.1000   10.0000   50.0000
    3.1000    5.5900    0.7230    0.8120    0.0480    7.1400    3.6200    1.0000   10.0000   50.0000
    3.1800    5.6000    0.7030    0.8570    0.0460    7.1450    3.6200    1.0000   10.0000   50.0000
    3.1400    5.5400    0.7260    0.8310    0.0470    7.1430    3.6200    1.0000   10.0000   50.0000
    2.4400    6.4600    0.5780    0.4700    0.0730    7.0070         0    1.0000   10.0000   50.0000
    2.5000    6.4800    0.5980    0.4860    0.0710    7.0050         0    1.0000   10.0000   50.0000
    2.4600    6.5800    0.6180    0.4760    0.0720    7.0000         0    1.0000   10.0000   50.0000
    0.3030   10.0000    0.1480    0.1610    0.8200    7.0650    0.0855    2.3000   25.0000         0
    0.1240   10.0000    0.0702    0.1680    0.8800    7.1030    0.0846    2.3000   25.0000         0
    0.1120    9.9000    0.1270    0.0681    0.8700    7.1000         0    2.3000   25.0000         0
    0.2430    9.8000    0.1500    0.1220    0.8300    7.0800         0    2.3000   25.0000         0
    0.0920   10.0000    0.0962    0.0773    0.8900    7.0930    0.1750    2.3000   25.0000         0
    0.1310   10.2000    0.0559    0.2030    0.8600    7.1130    0.3520    2.3000   25.0000         0
    0.1300   10.3000    0.2370    0.0458    0.8400    7.1170    0.1730    2.3000   25.0000         0
    0.1200   10.1000    0.0702    0.1350    0.8700    7.1150    0.1670    2.3000   25.0000         0
    0.5720   10.0100    0.1810    0.1820    3.3600    7.1100    0.0900    8.4000   10.0000   50.0000
    0.2430    9.5100    0.1560    0.0900    3.5300    7.1110         0    8.4000   10.0000   50.0000
    0.2540    9.4700    0.0980    0.1600    3.4800    7.1600    0.0900    8.4000   10.0000   50.0000
    0.5160    9.1400    0.1870    0.1520    3.4200    7.0900         0    8.4000   10.0000   50.0000
    0.5220   10.3000    0.2030    0.1640    3.3200    7.1610    0.3500    8.4000   10.0000   50.0000
    0.3190   10.2000    0.4280    0.0463    3.3800    7.1200    0.3600    8.4000   10.0000   50.0000
    0.3230    9.9200    0.0567    0.3680    3.4200    7.1900    0.7300    8.4000   10.0000   50.0000
    0.2110    9.5100    0.0617    0.2170    3.5300    7.1400    0.3700    8.4000   10.0000   50.0000
    0.4420   11.5300    0.1890    0.1430   11.9000    7.3170         0   24.0000   25.0000         0
    0.2170    9.3900    0.0940    0.1470   12.1000    7.3280    0.0850   24.0000   25.0000         0
    0.2020    9.6200    0.1520    0.0830   12.0000    7.3320         0   24.0000   25.0000         0
    0.5040    8.8400    0.1880    0.1790   11.8000    7.3400    0.0870   24.0000   25.0000         0
    0.4650    9.2100    0.2080    0.1550   11.7000    7.3920    0.3500   24.0000   25.0000         0
    0.3020    9.8900    0.0640    0.3240   11.9000    7.3650    0.7150   24.0000   25.0000         0
    0.2930   10.0000    0.4160    0.0430   11.7000    7.3780    0.3640   24.0000   25.0000         0
    0.1920   10.0000    0.0680    0.1960   12.0000    7.3500    0.3500   24.0000   25.0000         0